Bull
x:554.0441080588066
y:397.21434362560916
facing:315.0
speed:3.6500000000000004
Person
x:366.19805153394816
y:354.198051533948
facing:315.0
speed:2.0
alive:true
