Bull
x:553.3916735783359
y:597.7570862844345
facing:10.0
speed:8.600000000000001
Person
x:272.0
y:0.0
facing:0.0
speed:2.0
