Score:2
Bull
x:487.21971128967334
y:564.0
facing:20.0
speed:0.0
Person
x:335.8364246075912
y:351.3537997104945
facing:315.0
speed:0.0
alive:false
Person
x:425.10093122696117
y:277.9861112594805
facing:315.0
speed:2.0
alive:true
