Bull
x:478.0
y:300.0
facing:0.0
speed:2.0
Person
x:708.2736564620085
y:493.50049209740564
facing:315.0
speed:2.0
alive:true
