Type:Bull
x:500.8898641868361
y:207.17164157343583
facing:345.0
speed:4.29
