Bull
x:5.960005877520421
y:0.0
facing:80.0
speed:0.0
Person
x:178.1909088590102
y:178.19090885901022
facing:315.0
speed:0.0
alive:false
